SR_44100:0.6733333333333333,0.6700000000000000,0.6666666666666667,-0.9966666666666667,-0.9933333333333334
SR_48000:0.8333333333333334,0.7500000000000000,0.6666666666666667,-0.9666666666666667,-0.9333333333333335
